# 		PSRJ            S400          S1400    P0(s)                  	W50(ms) 		Gl        	Gb        BW(MHz)            DM (cm^-3 pc)			T_obs (min)
1     J0030+0451			7.9  					0.6      0.0048654532114961   		0.5838     	113.141     -57.611		200				         4.332772   				15      
2     J0034-0534      24            0.61     0.0018771818845850       0.65        111.492     -68.069		200				         13.76517          15
3     J0437-4715      550           150.2    0.005757451936712637     0.1410      253.394     -41.963		200				         2.64476  					17
4     J0613-0200      9.2           2.25     0.003061844088621657     0.462       210.413     -9.305 		200				         38.7595						32
5     J0740+6620      32.5          1.1      0.002885736411412693     0.25        149.730     29.599 		200				         14.96179 					15
6     J0751+1807      10            3.2      0.00347877083927942      0.70        202.730     21.086 		200				         30.246   					32
7     J0900-3144      *             3        0.0111096493380938       0.8         256.162     9.486  		200				         75.707   					15
8     J1012+5307      30            3.8      0.00525574902131628      0.85        160.347     50.858    200				         9.022146          22
9     J1022+1001      75            4.9      0.01645292995844926      0.972       231.795     51.101    200                10.2442  					22
10    J1125+7819      17.1          1.1      0.00420160911826384      0.43        128.289     37.895    200                12.027127					15
11    J1600-3053      *             2.44     0.003597928510587011     0.094       344.090     16.451    200                52.36494          40
12    J1643-1224      75            4.68     0.004621641526749906     0.314       5.669       21.218    200                62.418            40
13    J1713+0747      6.8           9.1      0.004570136598623225     0.110       28.751      25.223    200                15.98477          45
14    J1730-2304      43            4.0      0.008122798048058056     0.965       3.137       6.023     200                9.6268            15
15    J1744-1134      18            3.2      0.004074545942316071     0.137       14.794      9.180    	200                3.13967           40
16    J1857+0943      20            4        0.005362100549682627     0.518       42.290      3.060    	200                13.2995           30
17    J1909-3744       *             2.5     0.0029471080705361012    0.0437      359.731     -19.596  	200                 10.3928          50
18    J1939+2134      240           15.2     0.001557806567041489     0.0382      57.509      -0.290   	200                71.01662          15
19    J1944+0907      21            2.2      0.005185201908798642     0.5         47.160      -7.357   	200                24.357987         15
20    J2124-3358      17            4.5      0.00493111494511372      0.524       10.925      -45.438  	200                4.5957            50
21    J2145-0750      46            10.3     0.01605242392107269      0.337       47.777      -42.084  	200                9.00425           40
22    J2302+4442      11.3          1.4      0.00519232464875420      0.34        103.395     -14.005		200                13.788120         15
                                                                                                                   